679518243543729618821634957794352186358461729216897534485276391962183475137945862
301086504046521070500000001400800002080347900009050038004090200008734090007208103
048301560360008090910670003020000935509010200670020010004002107090100008150834029
008317000004205109000040070327160904901450000045700800030001060872604000416070080
040890630000136820800740519000467052450020700267010000520003400010280970004050063
561092730020780090900005046600000427010070003073000819035900670700103080000000050
310450900072986143906010508639178020150090806004003700005731009701829350000645010
800134902041096080005070010008605000406310009023040860500709000010080040000401006
165293004000001632023060090009175000500900018002030049098000006000000950000429381
000003610000015007000008090086000700030800100500120309005060904060900530403701008
405001068073628500009003070240790030006102005950000021507064213080217050612300007
960405100020060504001703006100004000490130050002007601209006038070218905600079000
904520070001890240002643000070960380000108700600000010090080000000750030000312569
001408006093520741000010520602080300007060000005039060064052109020000654500607083
007300054245080900003040070070960000000020760000801002008294016609108020000007003
005346170000000050000800009502930741070000003000700020090050632207600400600420007
320090400705021800001060372218037009500480700000005000670000280000873900804000107
000030007480960501063570820009610203350097006000005094000000005804706910001040070
087002010204017003006800705508001000640008100002050670439180007020900030700023091
040000008760020349000470500900000030000036702308947000000004010200700603690001000
007009050040000930059740080000016790083000002710000000830060020000395018605020070
620740100070100052508000370067300900090000060800970031002000006000800000450002003
627140503345206971089503602000700364793054018460008059056031097971005836834067105
720890500390460100000217890809002000204008000105049287610000028080020915950701040
803700000026000004097100203705000908901070040038401567170950800680210435352846000
206007905345092018000850060000509000708000450004083126420060580571200094860000200
700000000400708061100296847000001400801000030090600075080010006007052394935467010
900000002010060390083900100804095007130670049060041000302010050000500000541080030
005000060000006302040081597012038754000200810087014000120007680000092030954860200
709000100421000050300700008100000302908320000002070809070530400090000675000600093
001300002079000000020670903000967300750001049080503100040702530205806700107405060
600017400401003008059800721120000050000040800008020100004530007700090086263170000
800005047040008500000000630000000490590040002072006305980000273067804051030070000
400000070060850240000301065049078500007032008280009430120703004700010000006200009
500000260024086000807152300000600703003400006700098120030800600072000481000070000
604001035003450001521900000069807104250014007410090006000060010000039070070140503
420796050300280497879004612690005201538400009010369004983647025006150000100020346
080000090090502000003001408007090630000000001650020000900300080310040970002879013
005020040007090318106840070510000693300000700074230001050764189040001002081902030
000000065004056701070813940006005490500690000009042000062504179000000030000000628
790048060125976300040305720980657413007100856001000007006002135009701000010500000
290800300000000046786500200020000100100009482647000903875200004310645700009008000
180023000942500008060010092209840000608395040300067850806000027407002900001700004
908260351500094872002010409003000084154083007020000905760100040009006000001005090
950064037046081059001539080034106070865000020090028000500612000613470090000890005
070620509029400000680570000300000000806750093000086005000000170064030000005004032
790400801100780090000910402975821046000000785006504000207090034300200908009100627
600502000450093700030684090203800560001000002007025010005036400320750601976418053
870500060010000207640180509000001000120006075008072006000605008000004000904008621
032104070500300002000625000080061020007402608201780054640000030098003700723056001
480060001103008526065700080058200010004080300021679005006023907510946008009800000
030074096600398700008061340053007009400059070096002084000023600310040000862000437
000001000003006097061037500000709800830040001000020006740008610300060052000900003
001002003004000900296015048560008197009000054700950300400187600010500402900020005
003060005792051400006200009268719054030026978000000601050103090029004000800002003
049003825500709106361025007600590084800004309190370562008000691415986273970130450
026853700000000000053040096240076810319005460600134020064397180708502604002060079
468050702273140509009002463001860000090030001030000600980501200327600104016324908
000009038000005004350700091000400000407500020060020805500900006840001070036040009
604300090210079064905014270450003900000001000008000000032700080890206010506000000
591300200004062031000917508063005080100480003057000000000090610048270395000050870
309000050007003060081407200108900020700340910932068000004080090506704000003020607
406150083703200000508003200630700500157009024982500307049680702000900030071300009
100000809950018000300000076580906000003500000204700560000000081600004003830169045
000000000084500970291000008809100500753942060010000000002714000370080400100035700
243600950005201000706953802657009080804507029009030060501402700008016005092785004
001090000009080054080576900076925301130000007495700080608250070000000006943607020
030810070000067105710003084002085790807436000600792040160329000920571860573048910
690538072080000600030907085040000900006029051000751800904000010008610090003000740
100500007090830004800200100400010072000048351001302006204900715315007690000000023
072834069045020008000075020014080000867040003200300800523408000000003080486007310
907201000000000006010070250825019064749032800003508090302000501680300907500027638
008052070091040006705800400570083204600000017810764035156400320024030700387095641
037604250200300100009250008000700090902005031740130006090070604001060000526800903
006007208310082076700061430009018500105470060800203004000030680678095300000820750
000000840090207100017568903700000600040602000003000002030850271900036500001700006
000000048300100720840000003003002006017060200620580304000013402100600890004857001
760009001024810076001706902600905018005030607800060295200600700400357009530090800
210089357090002800004700912341506200509004001600800430070325060100007589065910020
580062041060901000009000600006107839720008010001000006000705000075406003648039150
140000270070054319500207048000068024080400107024730000007000802802003400491806000
010000608900000100706300000500743000000005400340091075003200091104000300069000050
380500091697010005005080700460200003073098140800743000140000907730904000950070030
090143802600590007480672593547261009368459721019837654906384215154706930030915006
000050780000600010090020603100400000054260090007030001582910370000002500003000129
040301000000427060270560048500094600904006852706005090001950780090013000325700906
750314600830006001010000407507208000400000059000950084300000070081000003002001800
000003648605700923003680015109408207000009050500070000807905000306804070250300189
007310902380050006025000031073009104140830007650701328034080600500207010716493285
108600003000080602060054819900045231050960000481700090000097065019000380605410900
000070060200486010080032000400800030000047002600213740831054000527000000960020570
370006905040300000906102004164059200800030047735248600520067010010003809083900752
000534007000297500020016004000008000058409070000000600500000010900641850183700946
709000040032640059080279106000320000290001308013000020076100200000804003500002091
000963000301520490060001325810290574096000130072004080930048060108659740647130058
050600041003045600960800300600000100007008204402000003029500036006024510000000802
763541289048009050009860070476003095530096002002150730005000400027005060080627510
600053904000600082098712305780304520109200706520176839000431258840000600000068007
407851030000470805001032640018723400670089020930604708349208000000300269720090384
000090015000100840050380207000530000000602431012009500028003004037000002400050083
000000145903405700005000900092070000031502000600008500080009357700800600006007090
092405000007000250010800000746000309009060802100009067901030000600080900084590001
002085700000607000000100000400001007267504000001000090518700430030010506900003001
802604050000001064004005003900107430508390601317046020400063708080000000000000506
100305098090000000080179602624000000800607420370040800068004930030008060005006204
600083570300700900000069030000001008100630400503090010840302009032040085000058000
500670084407000630068000701000000209050980460679042518105869047796400852003720096
000006900000020874528000360035081000000073185070064209002040008019008403700002006
300504026000070413000000907196402738045060090000081004080307049032008175400090380
020030108500970020800002003740605300005087602060410800004090560009800204150260000
009630080081000023200580074000103809000408002000200460050900030070804290802010046
005400890000037254410809030200370569501900000790000008020004900640790103050010000
098100063060040000702500010400058030015000080306010000600005040927000300000206007
300200070061008020008400000000700350030010290902036000003000008507009610100000900
540000637620780540937456210754030900310000050002040070295600183480190002170300095
136057000520030006008062930385020409070090002402685070954306000203578190000209603
276450190000678000800219007942007810507800409681090302000930700009700246028100003
000002534000010280200034000020000740906000300140203000708000001300009600460070803
390001487017304059864907000100805760008436001040710835406073098900648370700509040
030402080008060327906837041000000978004278000000093402375086000069724835002005700
042500706876200300301806049027048560009000400463057920090403605000009000730005100
190406300523090700060300000000140257300560000040700600009000000401008902000007036
093207000007940320820301000080504013302810900950700000060003590074600001230005476
720000480004030600356104070018470306640850120000619854065000700070900031183045960
340680205800005401020000836680510947493860152500024008901702003000358700738100020
005087000070340086048016275457128960900504728680030041700601002830470600500803407
478962000025400008690035700900504000004070509157389200800100075003040602049006083
900002050002905004075340200097063405050000126080000973500607390000400502320001007
159080070240790001000000004300008000080070143092000005900100460507840300001007050
021005030035106924060243000146000098070060540258001060580619372002504106613728450
060107004010480650204659300009008000830746020046900081158300079072090006693000140
036704100007632000094500000000100034069807512000053000920000006050208001470300050
300400192008205047720010058439006500000901006261000000007182960190053000680704205
170504069009000005546091300680070020930100640700209500000006004000700096408002750
360000209800309005090012076000000002080090610603041800026580031100000000500020908
006102487002080000700430000015000740897004002230750098060275830000009010028610570
080026005000000623020940170050092081708400002090000040075634200260080030903007806
079538200000920037002000008085340002003280540001057309000170820000802406008463700
201006500000500800087300960000603704020009000400102398005060239093270081002001005
450029030139480050802300009504008090008500047070614008705000200200860900000070080
000008601400706850050003040005020004146580000003004905061805492020900076097600010
090060085180002369360900000050040008000009004074200050000736590700000000509000073
170526093890000602200198050520001080000050007900800100000973208069080500380610079
000081003030054800804007615056100382180500700090870001315060000678915034009030106
704930008008607000039000400070000600400500032000023709800200300206308175013700204
570203001903004085041000300700000190000098000219007030054806070002970010090020053
600000701010079603273801000800750002007018000021040008180025300030004060400307200
580700940027091030010008706038200079269807005051936080895173200000504800342609107
603000002709400300000000940210050890308027654060800701804001000500009438000300010
503004008008900605000570041130700006020600003406103000950017062001025030000896504
070940320200675009050008406843152000062407081000809004090200000000080060305000140
250400000300000054100000006000803009030000040090570020001030690003005082020069010
100004875900071002800502049300100490570049218001020356045063081619007003703215064
300007000009006710600004359702010098530409007001000000168000200900030580050000971
140203000986005030070009005000000800069000143007306520000830700328017056791600382
800005002420103865035048970742800109390750000518490030007004000953010020004500710
100780005030049120009300478850000000306904802000063040900420050400000000620038094
010000340920683050030714000052060001000001003000400079186592000049130006000046000
500280006980053000023607008618075040407800060005064780351000604700000800809010075
807026035450008070306570000971005243503742601600913000008109067000084010109050080
008603019305200000000007603501000000604000080890400052000750001000002004402006735
800100507070906001231405896008040760704012008000700015507601000910800004603000000
250140000010920060930086001193058700672009835080002000347090080000034000009760450
000000094041003000920060030030059006100200749298004300060300002002096150000042000
006203578800000603200768004000000860628100047349076102960002085005607230000001090
360400050401600070000057004030024019000009006010000023006008237290040601000000090
060004108081200050702000069050020900246107085973680000027050000300740002000800090
050843002800001000000965783000008924040106530090204018024007090086000270570600300
000003090010200700700000030090028047400190026120000589082000000900012654001006270
500081607000500900097060200001056000000000870004000000000308502200040760700002103
804005109090060074007100560400900800059080640010000032000000080030500016005070093
700908000600530000900100080204300000070060503030700020095402008480090152302815079
021374800740180002000026070230000500058000024900540008400008013096030005300450080
100700005470028060285003090002000034004060700300250016000000000020400371741900000
613040027000000000094000065200000030009607054000009600706300010000500006082164570
051003027890251060002768000340009206000380579078506431703405002509602700060017050
800059070050234006064081235608500043070800001305060802790305428401006007032478600
080500000016700005000000709109073408005829070078100030002005107000007080001068593
000080036002010050400509180020870600000090070076005010210708000045063729037000000
000854900030679100040010060000140600004068012102005008800000007000027000203000501
002608000008900420004100009703010060600020500820004100010050908250481370480793201
000000040431000800897004020062400300040293010500007092000001200000020074080570930
268040701007001294901237068516003020002064000000002050020010385005329007603050902
023901006941005732685023010000200078290000001104008000007580600450006003800300000
108036907000810304004509000200740680400000000000058002950180200007900801012004000
000105006160800900390700501001907805050380060080000003070008659000000400008509207
008604079910287040007000010403860001201370000059142637700408100092756483004930062
805007620090803057604005180081406090547920000369700241403689070708514030950302814
408003002276014090590670001004790105160020800025108064389501247740209300052347000
872000060100762080630900010040003520500004601310006007400207803001050000050040070
230001980107680423869000710640302000070560200502147360710235040005804000083910500
005890603060403000030050010500038100003009000190570000000042008850010409070905020
602075309003020080940308072790861000028703006310000847061900750009157204000086901
001070040700400038003000067004037020908024070307080050009008200006213090100056083
306700451000201006700000002290140005801000000435000109670000000043000900500003060
080960720056402091972050060010006000500210306638745910093627050405830270020594000
020090004641000037070000002500040021030780509006003000000000410000030096460200075
670000040300000000001065000807300090460000030009478201100000023706080054000910700
300006205052300000984000607840001579020058043000700060500403001270000000009502000
083695020572104800960782500097401200254300980000928400009870000000240018000000794
300000070002306010600890003000209560000570100500610934004000090006080701805001206
080350972751200003032008510060904001194827005300000000209583000610470389000609207
078021963029500000136790045650139087397284500800070392085010624003942051241056730
478369102005781000630240008543096800020803006867004900010658070754902080006010005
600730800025481006701000000490057001260000000510364098100540000030029407050876020
078143000645970801910000240096000015500019060801405900784501000060830000059700184
070029341609000520301570968804760293130890005000000016267050184413200009080107030
560000003008690000092045007040002080010409020270000496400000500089510002657008000
009001070143907208760824093030000001097410300620008000804065009306000000000080040
000063470600040891004080003720614059415030000096270004940000000060000745807001000
100400320003500090049317685837601250950000740410705036090000400374060502628150900
004001200790400100031905784003610005062307000000002000300050040020094061006030000
007000200310705406600040100000430527200607900000800010700004000190500860003080740
070586000000700530000140000809257100001000020560831074007000400000408359080029006
042639005300071600069208403034000000001000347000500100403015869596080000010062030
300905074090008001608004050764000019030009087000100430247590068000780000016000005
000000000300750960000800541030070100070490385045103600103245790000960013029001050
610025430248001960030000200080604009001300652005010008056193004900060003170080596
963710000000040903000000670502000030000050009007308154370200000209801300040030098
800000600326070000041090038408960572060701940970000186000400300002030860504010020
000300000032900781000410029093800200850060000004179050970500402281700530345620900
400051000573062900000000507800009153130600804000003000926800430054090208000024609
000039208812006004409812750243050060100000000500328490706180000051794680084205100
001065079003000060629030800816047503930010007270000601108306050560491738307028000
240109380639400051851300290090003502308000400560940130410785903925630040083200010
109805020640109750285040691800000000756010004000200000090081000007306800300402019
025046000460037900037810042800100463006480520054703890541000270003624009692570000
000895100390410080160000950250980010410263895039050400902037041603109078071648239
674301059020079438039002100900200864216045000040967510465798301790104080183000007
208035009050400603000179802090000000506814007704093060007001006000700080460000021
470100000619800003302907816521793004806420001030610290247300560060009030003064007
080000051004089030020406900108002000007810523000070080703021845050008002812300600
587600090012049800004007210905400102100900070240370000821004006703208001059160708
008009000502700090300040000000600054250007130091800000020004010800902700600000049
010509002085070000032410008206037005891054060070000000360705421400021673027040050
630502100400000736900070405290800004001000200500200003109005870000000000050029000
985000000400008610000025049100300462096500000040010007028450000000690070619802534
040017008892603107001098300100009850358024060009180000910000030087500019030040000
746000009308400070129600000000000002932000617004010090090080004607094203400200060
010307805305009740004080030047010003000003400100058206009031000038000900201806050
043927681010030920000408000724090006035000007900000030471000060050600019060070300
000701053040005010000800200530108000962504000000209340406000009103000520200000634
600930000000005306200008491100003904803600700924087560407500030302890605000070208
200006700653709810098100036005008961076093000982401007000002579069080100427915680
003005264609802000010000900096000730180600095000050000960030000005080019030209546
305060071810407050200150840968510320000086500150000000690040030480305062030021408
080021734026479050400083200000147390090208017010390582030910048100734920500062003
500000201170000640900010008050070084040009072017348009826090010095100036431850920
020000100050000080800435006600927400002000007907040021000298000290061040178000902
008701950054692087700584360002007035503000006900000040400800619090000523620010408
400036080002000630007050902001400023804305069026089470060793200000508706098042351
090003074314080000700401039560708000009216350000050080007005641046070003951034700
940260380037001900650800001360020000175000203028013000200005037710086592090002000
240069010000050000697431852020100086500940007000006520300014065010093270050000001
005000920800000500072050004006004285000060001009018306090001058008593000650802000
210403709040006030007918000401830076003160890026097040300000900579040200084000050
765082090913004080840030150209000546084369200006405000000040009090051024001890765
000302000600000508405000030079006004002800607850017000900703480000140900200069300
293070540478590013100080029820703405704200001010050290082040076037005184641807902
001320050620000430008004062103090070780461293042080000030070000007240300000130040
060090504100065208070082690002057040500230080097806325080020900600009000003670002
008791205517423089920500741845267903090015007072004008780302150050000392231650804
593002000000308000000059007915730400360804901420915070206007810850200060709681004
050007309800050726000300041093015060206903400580206193000130675001004030005860200
537008000600709800040350006376100020008520300254603090000010000105070680460830700
008060230020000009647209105405020608102000074060700000006002800000070901030408720
000978200300050498200043715680300000003800600020007309100709056800005137700100040
286000013010000506300060800030704065000000000000510900001080407040256000009401032
900841300054602700008300906020068130639027008080900002040006090002730000190204567
247005096600200070080367524302050000470691832890732060506970280700086953018020007
683910507057800400104752036571028063860009000009071258906280045000305602305040709
500032810000087000870450902900245000050090473408100209000060328082010095000008004
800106300030008200001000084000307040010002809762804005000080713380901400176000908
400098000293005780081027000052060000070081090040732165820079016609050002734016000
000000040659084120000910000073620900800000356000835207260048000030090468904000500
702004598000800071001790004004006050000000869098003007040058702000030000010200930
108249035004380000329675410480900053006037000935008206073890540540760890892054307
126000735000100000700003104010730409943000672005906000302000001001800007007010246
060800090089001030130000700300680971900103604010490503573000462096040007041006859
000058000063000289200030107007600400840012090000000700602001904930000072000000015
908200070200001695761000800097100500000000010000000402600415080304002150002730040
028010703006040000000008000280500104000800200640002000907000501100309020002071000
249501087081903000650070000930400271105207900027010000014600032502030004300042015
003004650074000321205003748090831067800025903001060205350600072617300800000900006
805700409000690058409020760003080270600079003000102006570940630390200004000058910
763004020452390680890070054100930502584016790320740160005187236630429805218000400
079005006000020040263070105000000002090000638835000004000702800081450203307600059
000170068000000000001003009020835010050010243003020900302069004500201076087304002
094801730007450629500907408005000004140000200003105890020304061386000000001090300
502306490300847025000950836005630970001090042970000001400100003053270014120403700
405381002017500830802070001100000078780940000003000050071806009900027005528409000
406920380287030109319000600561089002023547816700612500090153470035704000074208900
978543612526071003000200009600019005190650204000000000357094000000000030004700090
051600700069703852800905400580000027000250300320000600900000000600408230700506080
000000678410060002063000000001005200000810050070240010187409000900001005304672009
360002507010090300020473169090000015000000400032008076945006021176200800283051004
000071980790385100150029637000930000079500804000807009060104050000700013017000400
080020306071006000300000000804050000000004205052100647509800700603000000048302090
960308520750000000803260700074100000020036000305482170519040260080000000000520008
503704920070000060000060800020098070608400003000623590001049030006001709009870104
024786000006502407708000009875960102003004005000107000000630950530070026080210730
000000080019000002025780341970358000180097003050006009340070005061005428000004600
470139680008250400009040000900074001030000900000091006005760040604023100000000208
200019500000083970900740810072064090049025600018007040000930460000001000094000050
600000305075903001120050900851004290009380000007002400706040009002100060930060050
920006400010980007007020009052170003100002705700453020070001800300069502509047306
860309000000820090004050083158000000009000002000703005620001900907005004081000000
618007200530624800049108650860005903924301000000890046090500000483700060000200090
000230600859001000362504800080020946000046000046180000608402105520600070000853402
000064528684205000000809000100500009842000050975300100090426815528000647406050932
450908276000005000000076084010050600000097030009600058035009801108320000064000300
030000060600034059000020408700406210000201080009070006007100604180040075905000000
001400928284100630953080407079004080028003104005700200800041752000862301302057806
008600401970204853000358709680500007005830642001070530000460270407120086062700900
300025801000037625000981340401500003060300084809274050007803060000750008000006739
659072183080001000301869704236140900970020541400090020003010695590006400160000002
000010258001007030042030107593472600008000003106080040039000002010500000705060390
090054037050000601103209580001002070000510000084070160715600009000301006320090418
768400300190032007250068009010600000940025180600901705021050070070103000009270000
169000000485697003327004000200580674748060050536042190012058036603070480874036521
000070024000409050000100800080040912100000003090500070620000005070000061340080090
020900003605000902000060504200010040004300010096470025907026401000093857000700096
100070983050006074302900000500637490040501302030004010790002845200489000480700000
082050900570040100006010000820194300000730008060005010758300090000409002090500007
503621007009050102008009046095170064000802000217000900000000610730000400450006000
900470836020080009008900000482000960070109208006200075051300090207000503600010782
253004009480060005960020348000392654032040000500001003100000900305017086076400012
206009800409680023000327064890406002600753490543200601004002085080005106010800239
700000009598370021601090700004005300070429000080000060007200005420700010000961270
000008529000452173253079640826014095740900060031205700060090002500801936080020410
203180047010600000040092000108050794000900008507840032650010803082003401071060529
087500426450026087000478300030760914504001030000234578248000009000602800010080000
804036751600200308000008060050729000003054000009300475912000000500090107307085924
790030006003006590504900713301002905050019304927540008010204030030890251000001809
506700492302094086419800075704000061603048050851600034008005709130469528045007013
700250000548900010026047000200600403380075020460012070870030594054000001030000267
060700543200100000008300610070030004030005967024800130000002471490610058517083296
570140900001056307000080405009405180010809000600000209060000801000698700084007690
387006410165000000002100570000000621014009800070000000850002000700861052020507000
010859600698230750035000028306002407071340260524010830840760000100905384059480100
000900000904050008001732005000000037060007000450800019200070006090420073070398450
906073800010902053200006100009300786000200504070500001300005010005009300100004960
061324005002009146040010700000100800020460591005080023074030069050040007000790400
907046010014930076000701904400160000000283100108090000360009407800370060041608359
080214060620000030900000812702000093853042600406070085000000300109500006560003108
006700028078203905295008706300040500000500103659030080000070002000050800004082057
005903080090000005012700000500310400470800900008000001000070504200496000104500029
640890003081750009072304005000170306000420100810000090069283000000017600100600980
790628304000730180000509070050080020017005000068972400089000000002000061135046000
200040697906512380000907250089050100064071039301690040437080002000006900698000000
000000400570084029009105003907050080000079501000210600000740060100863705706002000
080034095953070024062519078006120400314087000829060703200600530148302960035791840
002560018050900047070800020798100002020790000010080790987054260030009870061008009
010000270000016500500020080007250468865703002249061735403098000071035820058100394
100000059009302000750690430000800001004005006010000042520970100000014890040568000
000700395908520076050009028064270903085040000270800604710308209840000000500400831
700420100001006070000001029050760304802004007000089050507693002060210000000805710
501000030070000209000520160000357800087010540035842706010200380453681902892000605
305009000006053910891060000000082609429005003018094207053740860002000400080500300
500000010697030850480095300000700641710940000000002790905308104800400063000600080
490215008308000000152000900820059106600000080719008000270903050000040010540082000
690002830000900000050080204080291060010800307000006100065020000432709000800100042
540039002013780694700420000020070068600200300400050027301000009804000050000540831
312075004009382571080490063000800007108007406094126800273009648000068352856040719
549830671378410059216000348835679412162084095497251836754968123083020564621003087
082003000007400000060002374970145023100068705000000840206034980835027016700601030
560700000003540201018090000001000584000100900700304012020000006809000300350027040
004250790003000210000007003090028130731590060208100500402071000300605001100082457
000060004900204860060030000036800150700015042501023090080000725150000936020000000
061009500900000703387560090420070000109000034050003000590380000034650109018097300
507940618900060300386521000850010960109005040000809000091002080035486290248000500
000050006804761053000300072048002617630000400010608325390007064260490781087506039
000063508320000691006520304100030280602198740590402063050047900261809400479310052
500368100000401060000579834891040000726030490453090700007250001280010070135007900
002019000003200000819703004000372058374105269008006137085904072030020845420807010
034760512590412306062800490603900801200381679901074053000540168000206035050000000
006030000403000026050680300060509010870040000100008650528460973914703800600000140
900080000000005021001073000508720306470100985003850074306900000000300402204500103
400708200975200800080030045000429000300060000000305697609104000002580006708690401
000010600600389247000000018040095000006278100900031000162803750070056082054000001
189274350000009002472603080093700508500090001700485060030500004000000805815940000
743500806062710045100036092005072100874000023300080057000651000000040269080207500
090087160028900007706405000642000000071054002003706900069502010010630094284100000
080702060000090107370601825093007050806300074050029603000274300008100092730900041
030017000190050206006090000000301680000028015080004002500000000700080463060140578
501800003970100002600030591006450938000017645009600020100300800860200079000008010
020090700097502310040710200904638107100070900700020084400267801806000492005004600
500060900200500600049310750028700000030000270700023084000200460800400030064001025
086015027000870630712009400130008000004090003678134090053901070067250040001006005
400900003000006001000072500700600000039008150180090000670180090391050004002009700
007100048980075013000894507000000020001503470090040035509300084000980652068400301
048090702000084069936002040405009300029045806061020054000010000100006480050030200
100650802030028514580314097719040200346275080805003476060781945000569000951402768
000967200600452000270010000000785903500200017000601000941006070080074650756008140
064083070827000006000602000200100900908420000510097000080060304000000020090005001
500007062007400351012085790950006480004908607876001900060004030098013000700500000
005980302000001000008452090007000408890724560503010729000208900480103000030069100
064290800000003020001840000530000746172504090406080200053000164000158930200000580
370105068045908207802307000000539100230470089501002000013890052000206000420003000
000910800090008356000003000010405280050702060000100435005004910072096503030520000
843276005007183006016504703050007029720905134039021500180759060070042001900318457
600024970241097300070050142500718490904063007007540286498602051753981604120070839
040000510350200000200590038591000720060357104734012856000479065076005389025038470
402006153513020809006005000001030980250008700300001524000000008030000002980270005
400500063098000004365794001501620378026310500980000006800170002200800430607040810
000074509150086040400000300004501603326040150005060000041000936507030001630019005
047500003009320604308470900152000006000007092000002405804700000200030000001200537
070000050835100070001060000006208907100400030957031800700500004000006020523000761
003219768209700154781054920005420010120597340076080502007800035050300670000005081
281436007400207031037800024019600003645083712800041050002570140090000070074008060
084030027009842060000907040050004139073006000040000600090700010000005400831420700
370690400460750009920043000006074300004000608130560700600215800587000020200080540
803000000900500102162407080080310409010600200000004000006025010000000000300146795
700325040002000580049800300937084160405063820000070409003492710000000290000137050
008050007190000004540026001350080062270160040061243070016074280000312090420690010
305974061017000005804003790040320070200760100780410520532840019008001000071096000
504039060103420007000506000908601070410253906052097413005002049000004800800065000
900002605760905003000000910050700200407000000093060080000608090046000800000103062
003000080000000032500000046802640500054092360006005000600230000000001698400706010
090080200680052430370964001100000652020010800807000000000070300200305710703040900
239010060000230701800645092914000500300154020500900146045302009028001600003500204
060200958397005016825160740950670431710523600638040520180050300076014800000000002
800005470605000903007461285209530100430607590008904600023189764906203050184756329
007060508530000000004593000198302405053001290700409083025900040041005009879000000
007003960500790038943685071700450029050900847604827100300068094480009010079314580
600000409000700000000509000500976008406005037719004652007612095100000820920450760
900700020236050004840602005182007400350000200070400580700000000060291700528300040
070080630009740802530900140302890700060027405000006300425608000000005080186009504
049012657615040000082650100874001063230500019901736402063008905498105030027009041
382409017010203048400005030903148765700000894005090103200080006698027450000654982
020500700108000530700000000000050097907806004080079060074615300690780005013900000
031002060000000010052470890108560009000208501300010000589000107070009328203704000
020168304063920010018537006096315400801249650000080921040003060600052000039070042
030000028840305791005800304009203000028090030000008040080904000904002010200670400
074030090003200081000000600007100060050008302400003050020000506305607009019500734
714038006000001430000005870003650000107000042008024050000010060901506200000403005
000040000600500201782090000026000409359804006000000085000105932275906040003008600
000030651000001209009572000080004507000087006307906002094010000125743968000298000
975060028000051900020897500642070803597000460308604795106742059709016284200380670
400006007069478351750310002000000005370021964100745008620080509004000120500000086
000290050010085090080000004000002410094600007000800060001000300003469000005100982
907000602010009340040800100194078203200061590750290010060007000009645000375000000
320600004050078120400200009000106200690000001010940000002809430860004007509031600
604908000958706004010005900009100280480350097000800540170000800300201400000570120
000060270630807004000100365301542006000003021027680030008000602200050813063000050
691000007050100496004680000000000260023096851000002043768250030000008000205060000
003910406400705000006003002650200179100500008830601000000109207040000901907806000
000725900817600002520031000198503704402070100036412895070004263040297510200006409
690002741075430090421900803209107438358609100010003000102005607030000020007060009
000598004009100268807000509985703002000000005304005600200070900401906000000201040
070638125300704098006001473607203010003500060021067034000176002100090006760000051
005097001020350800600041020000082470902034180487605300208060000000070000300109060
036000000004000208200605000490002530378010020000473800009006002600000750040090080
004020716009000200000650300000805690016073005080060073507382000000046930000000002
040600708916008043803000500000050039095800060300906405239100000080009351000000904
400716200172398465869045100500472006247000508000859042010583920985124007020967801
705000100986704020014003809090000581000061700003087690001025967379046200502879000
802000700004080000100090058060040083743810009000000470401008200906500300005001004
260104508500608070010000000003080006057030080180007000020800090001000050000590000
285030479030000000701804260104592008000071090900680050300005000008009040670000010
008715006400602138120380009510008704763000092009007051085400910904100600601850407
005083620082000490706209008050098010000042986690000502500000139009000264400936800
200608007000030009004290008000005800080009120020401063068973042040050980590000071
030600029029700536065300400010000908000400060506981002653009080902000051401006000
004398052305040100800050473070402390000935700900807200000673004269080500437000861
081657293907182006056034781009403058520060479100700030300040810810209000704018920
108030490003109028000004703280015000010060000360800050540300900000058000002900060
080040953300710086020800010900020008608000000000008109060100705047000301105467090
083700002096210007710560030349601078250347010000080423020479386907000241864132795
900008745040000280870000903004012300700040108008709524000050630063407050000080070
140000298807019346000000000009050600350692410072030800063040005200160003501723964
000270005069030007000000682190002078302750010700960004901024003000607821620083000
453810697000000105901506820000139200100060730302407081638905000540021378200380000
084260000790300040006040783032006009040502076007000214065701430218904560000080001
000009050603017900102005473900751028205080000078902501729038000561290837800076005
903001006008964023450038000002500068547086010089027354000000205204875631005002879
132094087000013060000570390910005040500000008620301759000400000205000000300700100
070003590209000000005008072002600040061084000704100986890210064000040009003090057
000902150600010080012800000820359640500746000004108509403000005090000314007600090
009004070020197050700036004046900715078000900092301640005003087003060001200000300
307549268040000937600720104003107090000385416086094070704952300920830740800400600
000006230536020009000380465004060000900870002000002640008053920002640180679000050
050080009601900020700002100000240703000030000000500962000004007000003054029070306
084007609000100507007496000310620790798310420002809003049560002600040800000083904
902068005003090080700010209675289040304000900010073008036940020007600890490000063
036218450408970300710060080500800000091530040080001000300007800000604910109082070
000000000004120500000800632801350200500010000020600051010006827080000060647030010
975401230600200070204050160410300890860002053093600002308947621729000300140500907
007501984080007000435020000001006000203010000000000608000000070000900540000075003
609285000200000659500603810820001070930807004047000360000030006400900000002050497
023001095078059020195200347809045702702000416041000089006000050517000208900502073
092760003054030627600400005005340908000000160760182004078600000540097006320800709
471020000650001823800605700706132908008050000090000030200570104004006300980010065
090040580542003197381007200030000640200000009057020000019702435003815976000394801
486035902230060700510902643620000079008659230001000568862043197070100854054807006
600090103500008400000200090000006005000000930020070608050302019098400000207059004
240070060005002008070001520604108050018000600723600081060080075407500000000790840
093050100400820069010070040230009500001005000000362071304090708000040000020008000
020005603703012800800040020080000010000100400010008005001039002000051030009064050
000030000060000021083200060000002000096000730000094150571029040600400000940050610
001704058800012473045086000037068900654039807082005361279841500000623094463000102
000030980309014620470080000050369000600001050000050490800000300013700840947000105
030650070260009350700200601000900530308507040050302817006723095000460020040000063
010050928000100506095820003100700092230010080009000315970600000021000704840000209
040058092003200071000000604029006008001000000506010900030002085800700003765081240
605000400080100630700060001540310060123090000960000003000506080306801729804009000
060008792752904080009020560600000003000176009298435076476089210031207640020600907
430085000000000030580730941920000004050078296060249503040090000000003070070051308
010002004004136058000548010107400023200600800840000167000800472020900080006270590
201390400000500070000007903000000200120003704007020009000460080036009047402031500
000408902080325010054009700013090800579801624008007000890000361100980507006510090
020604387480023600090075004064008013000001760751360490003009800002506941000080532
080407009000302070040090030230901648010240007960030500309624080000000005028009063
900052301010006045750130000070018604100040052020500007000020400690475820207090506
685073410410800900070050830902007000730200150106090703064785091020019060001624380
050300000000050804006928500003840096514092007068007005000480750000010038602570019
056240790010007260090063000009108000000504100000320000608719300000032816230000079
126054839093100504457980210705630420630247900209015307570060108910478650360000702
000000947000470210000092800280030700761000000090710408100000092005200100820541000
004802073760014900200906001090000800030498207482701000070629300340000009000003005
423070006008600900900081302000008701002004650130000008200803500500246109000907284
040608200906050004285730061504901300100400590702300008009003020020506040607000000
300098050004615200800000490430000760000206541010500038200059004197804000508020010
201074800000000090703850401017006058008400600000007104600000000070503006584769000
008030000000050000900700840007203010061087050094060000603000100705002389420000000
480026090070809106090173480650401000000700968837000040705290000012308070300007259
000684200060900000700000008450803002803000060601095000000016347307049080000008020
150097460060052000028630001605380020030046090080000603300070946500000307097063005
090008050000700060000320908023017400970634200400980000038006020106053000250000600
006098407000023106394607200930241608008706319001000504503900840782160053109035002
000000000610050080038006200000070030380490602540030970204000003060000001070382409
000100070008000345927003000480027906160900807090008034309060052000730108841502700
040520930970300460050040287030001504017000093804000000309270108000000320420030000
000500240502030070846000300008470160651000724479026803910650487004700506065048012
054007089900000000103095020007129864206084015408000200041000008009703001700900340
726190054091870000040006090309040620005000431160300709010000570050602013008500240
609200074032700509070000028214800960760009001000021040105080096000405103007006452
000000410400006809801070350079300540000005090503090200724050080010849005058127030
012000000090570600800290000007000500600000700103467209060900803001000060400020107
060037409009050008000961000890002070054000800671090000047003980000780034000040620
010000480706504001004007509530080000491650000862009054173005000000060915650120040
900002400000600090002091736000805004000703820000460000050100000013286940624900301
006019000149030867000408000000000100065102389800954026008041203500000600023090541
001000907307000002060730018709000000000901003813040020050803070004067851270050300
205701498189450637730800500007349156000205003053008000502063079000520301370080060
008500040462300800130900000070609084506700912924051006610098200007100408840275103
456070130020000746873416009000003001000009365395760000040095610502100003931600580
070405000004863700000002040040600002500034870010520304980350400000000001461290000
903245080400000000000069540016080094000936750739004628085413900090000415000500832
690500003010000860400090050061985730780020605300700002100200378800603091905000206
960001007401052000000030450508643172000098360026005000000007013653010024200060008
802090603469000507053600948200460030700238461000705000910000356008003100004076092
030005100005010836196000000008070060000500010009002053050280004080003020073940000
097600400000008157100027609950213700700800090036795000620409300079006002805002000
900300067040002391000016020003060040090031000604000700500023804400100006000790002
000000940001005073063000000035000809142908000009500410006007590508096020974850001
300000000582010300019340008268900000794000506030786020400002895900570043006490710
000150028007236051000987640003425876040008092002600530360792015010840060920500080
406805017070309580089700243001953672327100005600000030000090058203008169908530024
900106470060000803287003160700308000008672001002059000800031040050890207001760300
600315000073004501801069000708000050396408100210097000400071830002900470000240609
000008461060030002010206800780905000000100080600087509802609374130002095976453010
408501290010300000000024000207108400860400500050690308000000820600003950000200701
000000200000450301429300587078203600500007030032185479315629048096804103704031026
056980007400100503010000209571000008000800900000200104005000041027400600030006700
579084000000230050000000704007020400048675010006009300601500000480761000000840600
208051000000006100106704025010390200003508000040000700001620374907003502400070600
605000030070860509430005071006940000310600057900530402701300800029000306000050024
090020005608135072500000080700461008850372090024589037973208001060900800280650000
830001920000052000200873160002089706580034290700210358901005082623000010000127009
500408093613700420809602010070800240004071009100004076981260350706043080430000167
800050496500061000000700350000006040600500009005124600000802060009075000207030000
000800070060000043004000012039205000548760001602300005403097128206080054800050307
930501420000007030106003905000920000072045169095016003000659800009002340000030000
217863954903004702645000083000087395879500406300901078764000529138290047092070031
603800020018927035009500000070306298000070050036058000005002970007605482840000063
810930002040182000093740581080097024970820035000513097039461200004000003120059076
600158070059000030148907652376590001014783560985461020400375806867200045593806207
900751600000200000100084305001000507307460008208100903400002036520097004016043009
420897300050000700001030862009175003245000000010009605500000276690042008082006030
040001085071540003280690040800007560000309070012805039950080320000002016008030050
570000968394008000860250307017020609230681075685497130020906754703002090046000200
908015206205700008010082795840000017791830002002971004000100423026500001007408609
000003040900000000103045026070008500009070400050421097000130070000000059761059000
005207000094008003210600800130502000080090006050003000078000092601904500309000607
701000080056109302009507000467001000500093610100020000010908406920364751670005803
021736940030295001060000320006081030389500070004000090008009000153460089092000714
860005000000080300007341090001000000350809410002500080000002058070050041210000700
004709000050003000000000703001392005427081900305004200070000500008430029049265000
143000250000020009690000014820005340079340100300201005900000500206003407035607801
302469000000305602000017900204000061800002079050600084000504007000721000749806125
300100460068004093010000000050240000690080300204000006006000050005030748000002000
005689020820400300400000000500910030010376500070840210300701002287500900004290000
000400000086900050000006723510000000400305600000004508002001840804607290901208065
000240510008090002040700900500000740004060053607500100980070005703802000020900000
059010380030078100078435029006090218501280006027361090063000800080026503705800902
359006008724138060861090430237000685090080174008500003085621300413879256000400891
000024080008097230000850000205100600610070053389405172400032568567900324832000000
054307801371008500000500637100830975500090408498702163010083704005400300803070210
005000006084036100602790458260900000800060000000075020508600073100300904000200001
512008340697000012000000975720809050000000268305020097470001009258490700009003000
000150000900000500400690083020040809008010074004005000000079610009000030301068200
000000010107403200086020439000090080940002000702300001369000725800605090075239100
376200000024719600091060200030000002900027030007030900050380004040001098180042500
200000090304901002095060003060459008080006010002800400701300086000172049029600700
020030657000045020510072004002751009640380072900004183208010936300006700007593200
603108007100040000040670030400703000507000341016000002904000700050069010030807600
050000800032000090600802050480706135003194087006003049305007000240010063060200071
010294300538060042900050070203010004154672809897000120005400210000000000021706098
300950000720000058401080630003000500614005800000603020062037940930520761547060082
041730062970200400630800907006000029129406378380002000700603000060500090200900083
000730061000090200000040570006003840280000150054100730000054010005060420008010600
910000450580600372020400961000278090050140026300060010630910080100002030205800040
040200010601008020037060508015702680008001207070006350000080030100000864500613070
050317040097004201100800500900430000801056090534070100080045302600000000400609750
708329006000156708005400190601084050500610304047035261084591602070863015150742009
000000013000400007103608250280360071361927008790801326950146802030780000610235000
300075208700408950000003600090136587050704000100800026200000065060007142015000000
370002006069005008408000573896703214000810967714926385600100700040567009057000001
081002009320006000000845003875000042200500070600723508900430050137008600052607030
069708000000090000028301596007080020300004801800600000000900060600000072971060300
060843210107050008820090000000900420601400070200006001700061000006004790058709000
080200094400009000000608275050006001600800000920754080010000700000400150800170060
807436210053070084041500000002715300010000090036940021500103070020000009070094102
836051407070040008010007600267010040000093500059260780798020315000100804041309200
097004108000070090058090726570003200906002801021900347309200074740069010160437000
000870023000031470302945016000190080750300009041008060500410000004000000003020054
000307080900540270050000164090184030046000950731060840570000008120758300600090010
070053060006000850000986002900000527485020006732509000240695700097042080003001290
430915680209030157001060039025409060094000020600007900900040000300000500078096000
163720000400010275700800001351207906040030000070904103007400002090500710038072460
200715040008900050000003000403071060010002489800000000702408306006107000300006008
075130968108560300069070400000703081037612590921485036080056120790040003500307849
019050678380617002620000301173905000040170000590403800852001030931540726004000085
790300021080090000031542087400050103006409802000020060065000010900170200800005000
020600000540000068097000315958700603306025004270806001080000039002090176060143800
080000700230060890007980040008450062000273584500006900819005437400001650050040009
970500018000096500006801000001240705400900020007010000000000007000700209063009804
000010000000500980850400000006000478300000206074600300000005063435070829021009740
097604800046031205023005004080079060210000000060000009000580430050900728438217050
608050000305600801420000056009060007003708100061035489506010904902003618084006570
400520018100807000008000602000380074005261003900740000050000020302600859097000306
701402800050901024900008000500840060308006009020007583000364008004205000605000042
507090001009080043000000009053271960900300070470050002200700008085149326060805400
105430000060029080900705000004980000032001070009600300003200500401307260070000030
236945810005210436814706900359860041407591008601423009142670500760050094593100000
010003486000460200000000050438006709070200100020087500207900000009024300300600000
046852000090703602008609000451080000980526741672100300300000465564900800800005109
000700000058924130100365007087209514594000260012400798005680301070590600036100905
508962100692014008000087000021076953930020800080103000050009000864050002000240705
150000093937160845486090120700089230003417009005200010320601000670000050509008302
600000000095418603008035190827351409350760001169024007900542706530000948400903000
247003050306920417001007026725068034400002108010030075800001003063794080050300001
020400000870901600040003207000000002730090500690058300400769000219040080000002043
070000000803294000001700034649081000320640108080307060000010027010000503700036840
063500400000014050542080310315090002978005030426830079007000900290600785834700020
310900507004705036000300000000004002030090000000600070760030010083010000500020700
936748150040260839218593706420186395500324687680057214152639008079410560064805021
503007000060000485008405703834910002006040930901000804095180300300074050010030620
601090005530240160480100000000650000960783004000910653090006501250400830000509470
769051420410002009500069718657043902204006057081700630002614805145290376000507241
650037980038020050900000600406052098520783004080906520360070000200000015817504230
000000007090030008000508000208307000035006800709005460071624509654800700000001046
180030000930000008702096010007400009000000700860027105009680400000240050600053000
000458060619037004405000000970040205001079043530102000090064000150003497340010608
083040007716500020409617050247390061000800004001704905970406000030902046054008092
035000710700000059180000432020400100946371000317520900800703000600840290000090300
802000005973020000010897000400000007030000419759614208306000000080400050045700300
807092600901700058403080007609250000000400000072060435000506019005010060006800572
000031002708642035213095486901370650006289000030050200350428061002903507400500023
380005000750024000100008604875002900013080702962410000530840090090203415000900003
427000908060040500013700020091052060002007095005196040200071406170908203050000010
010039752360025019009070863200087390731900080940002075000008031003046907090010000
000206094401809002069000380006042805023600071804003000000084200042360718080000003
130802065204390018507416239400281603006703002028900107000530901003140026801629004
091056080002007069007200104105020600706000000920060001000082005458601090003090010
428036109076915084195002600810253067607409012240107895562391048934608521780504900
007400030506208700830000050209000105758600000300502000000000580182000607000109423
000000090300501004500400816690000720705906048010000500800000000901630402004810907
100965400420173908306042015700681049039427156604539807060790281941258673278316594
600800201501970300040602590008063470400500030370000600900006004004050028000049003
800005030900810004617090000080500200070001008560700003150020090000000000000040007
020360748900400000080000062500036200700004659014200070306000007050007000000080000
000093467300000009000000800046928013050106000080534602000360705002000340500089100
090070540502409800040506900006100300750324060004900700031090000080741093679050408
590320008023100450816045030050096840987010003060003090100030006048050321239081000
017496003500200090039701020085000749090587012000964300008009204940302078302840061
000681300040030906056070820081090043700040000023000000030000410970304060604020509
795086014840091060120700598050600170280007003000104800460005907010372456000069000
700000542510080003093504100072490001851670004009820005906158237305900006087230000
134006072000000360600347590420053080016074903003600045001400230200938607060000409
712040800000070600400003000000007500608205009050800067500000380200006070067008901
230800500800030042547192380601400900000901400004725108408070030000010007103058290
300400000910000007050070091046000800100000263008600000670098100000000030409032000
050280301009000400000009750905000040008060210600025039006850900000473080830600574
369507080007000300000800079513790040800030060906008730001340020002680094098000010
605000004004100093003048700000000309500030040030601072000309020307420000906810007
000907800000020000874000903400300106010690048260108000107006390089253017340710605
001030072007004900200001003810076050000008290070200010098102700700300046003400000
815306400007408102029700003060000005180000607574162390000004001208010034041500000
800004000207000000604500279000310900300900108079002000000600030050001600708000400
306500002172830004000126007600001009590007080240000005000000048810740050003900270
106350020800000301000700400700006200300080009000097536000060000084025900030804000
039000080652030104070015603340000061006200570085006009060791800700008916890302450
702000340530028001600370000800040000400060900370090200050710400068034502000086000
003817920007960530008350600056040312004090800080506090800170260032685149605029700
451960237070143568300570419936410780140006390825007641084621953613759824592834176
700069520601302984004015360810750600000083000000201075300000008106907200029038706
200600059009400160836590472000007000705946030090150807052300000300000524400265080
900000082621500300000692100219000034840273091570140068002461050104705920365008010
360704000840539200790800000200106090634000180100350040000080307000670024000290008
000598000723160000000027000408009605000080234230406108070005010004600050860910007
040009003030001006000037500096000300020000870071000042000080060008100405400920000
002700008607150029000006000083000912000802350024000706040387005058249070200015840
060204095090700060010030080703609500080542006600000900500400120020090003100025000
703698425002050370600702910000510780475029160008400092090081247001247059047060830
091002084370468095450900002720100809109000040000020071000801400510200900000390507
600050000500100300407000098100000900038000000006301007000004839000028010070906420
000004002802010000304027090506003008010006900709450600007068040035270106008540000
040160590016400007950000000400005870068074000500800043035001024700026010020000080
026000874400700005030490600090000780070803419618040300860200000049300560003000297
740296180036071002120008706310705968508000241900810530601050000400087005007043810
030000070160734050409001068700020935900540000803070000307905004084002700091000020
040006200030802970009040008600005840010968000800070006000010000750000603400007092
600000071080037506000062384000021408002400060004008052046010000901806205708009600
001205070000030104890010500689420000007106408510000030000000362048000910103502800
170208000064795012258003040007600000520374100841029060480932601710800290692417508
000010000000000510840000903907003104000040009453160070078000090006000205090600780
652037004400051000071000053705900000190006078200003569000610800320045100006308040
400900006180600504320005800035000000702003080001020003510060037078010402090000000
647095000059000046000000900098006002030910000070058090000137000010040068020609503
520690000000054603060087290201460300008925001050013000832579006097042500005030020
000500008150300407000006000305640080002093010060851002600038075908060230020004000
000608000302194605850720019027040300003260000001500004010402906094300700608005002
740802506000493008982075130408107000300000010007059040894526370605700080270930005
000005904517809602984032105003100058840076301129583046490301507060457010701900423
620705380004396527007082090790861035318954072465237918203540060850670209900008000
930504000751032480062708500380001020605000904079460851840320005000000340523100790
200500078867049010001872049730005894508900207090000100080603000070001080123700006
108000020070500309000003417500009738790061254000000001910406802347108006006700100
069172403234008007170034002091057240752400601086001735647010029900000870020009510
900283450802050000060179200098610040000020019000030000070500000603041900500090002
090064007635209408041000602000348000800000001020000580500920074079001820012007000
007600014001000008080007200002009000910730540000150607200571400109200000500006120
006107300070065100050490026900000503823579004007346002045081037231700960009600451
089002006230005000045809001003004900750291080900003040470008209092000038368907010
800070004000004710004205030003651027100302000200090003600509040300108609410060082
940050180100000076005010004300560002408301060700000000200003000093200600000186230
090400512800000007070531000000000673000380009302769058020004030030800205000093780
300500410284300506170090830000140050000000000402000901500007109060920074007000620
261700305000026001750803600000100203000062900407098000093007400642001030008000569
005200040802400001000091032001700903520000704730002000043050008968104300057800010
000782540078503019002100000805400007010300000704050000200000060001030970003000802
780000296160059034003602015006720950020900480074080362009246000000007040040000023
748050001001700000600008037010060000960001004853240700100002000500194380230587069
007300019210000000934060205001000076002000034046053801000029703070430100000070600
000000007649000038100030049860005003907063850004980000200094760490007005750020000
001000746970043000400050089010500000800219070205870400020497100000362950600000000
097284001021790380005003200002000050074060000103027046709801603008006000406900000
620000000009003000100680000507009300090000020010475000070024800045700090000098050
700000402019200370030000095080370904002610000903008650000007009090102583000890100
047205983032800500065000000018072059350001020270590010020730008604000237783906000
137286050020035081859714600960007100710350800503162900208070396390020047075400200
635100428001006537000543069468025003150407002200030000020650000506002084310008056
000084307008300495070209060403000058650038040780005906005070080007543009940816000
000346750407000061000000904030090428092600105040520609050478093200000040000902507
000132906039075820012090507070060083908000005000508609800007300700400002240000798
086001420500002610100580090718604209200005001400010000020060073007103984000008000
348670000002040000056000203271086000083200070000705120060001302109400860825360017
059012000000350020080090017004000208005680300000903000300000000508000740400005031
000940510103005740090030082010072030004693120702401960340050296200009854908004300
008000000600050170020006034201600000004027906050000000000705002865200090400900008
070090500000000000005000798000007029500620100003019675600008050854900010710005000
040517026000002840602003005261074090359080000000951030000000089000409761000120403
041608090000250460200409800700090000629584070010000056102075040490001028380002017
609247080250908000840003000060030000002700060005604007900076851100050070504000093
081000700000070510000600893948103005150927080067508109000006020700230460600480300
374600000060412007205070000002506410001207003503190720000761395057020060100080074
005604703006800241401300509050070030300458002102936854003060428947080010628000090
763859012021006800805024006032700500507240063000000087000507008050963704370402090
930607140401500760000000300006980500700365214004070986843001020567243891102800470
980300100000208067027104058392005076800900405400807003000043009003729681200501004
070026400046890070951403800009740006000065000507100000704209050135600004690004081
030089050809524013245000987500100009401007500090800000012400090000608301000000706
700000019820000006400075000019428060007090300064003908003847090900000634000009070
010300000000750040850160002000007520005001076406500901007200050000846030040900000
000002006007006150043000009005008010000000000000740605400001800020980507008054060
730400050900307106540000090609080004475002903000074605860040002002800070304700861
094200008100000236623000000200064090000083060000105080000000079905308000010079800
410008207009132000000409130000200908940010600821000054002905000598020460304000000
000530209385602000000040800039080000800257000000319086000000520078000601006000000
760085904000700003389240157038009070097500080050070019600420008900600001042907036
605000478090007651070006032032070094000000080001930007700403010300069020089000306
859102046024053709630840105570286900968004250000005861086030500290560070705428693
600000235070602400000803100020017904807005001001080500000031049008064003340090002
001390070902570340087400609208900460140000208000042017006000730729604000800107020
520010000309700516147560039000890107092030040700020390004681050908000061610904702
792651800548372619030498527017830960600120004304009200900200030403005100801943756
000509872008000140600410009904105000700000000000003060810040000079830025000950001
700900500300500210805000437010000790003287000000000600600100302000002000230050040
050000210020009600130500970503004160607901380000300509000090020200106890960002751
000246000000500000020091300000017005061900000070385109986000000010000640005100938
027350061500260783063170090036542918049083605050600307300906074002037056670025109
300047201000008090978132654003716020517020000009050070705680002802470935134295067
900005600053006400420310805680002074300009500205030008700298156092401000008503209
000000004079400506000803010512080009000000020087040060705100243001034658804062090
073500624604073089582904037100306458800420073009005261765030802398642715000857006
107008350000003709340000200500000070600920480804006000050092840400710930000380027
003726905500000324209405000340650070106374000075012040900067450050103290000500738
018300042030080109640102038020030800800409570500010904307040065250700390006200087
000007020000600379003020000490758000300160400080400700040006253018200007602509040
300501000812904706000007309003608001008003600167240000700390104031005960096072030
030980571908700403005000829306005002040300096100000000093070000007530200000800000
840690207000401000931020000700000401054309000003000006020006800010000500098700004
000548300256973010308000507520090180910402700867301429005124970172809605409065201
000860023060000840208419670001086002005040000680000100870050309000000000396070050
500900000020000060900004820053810004100207605200605038740008050302051400060090710
005800126286050974401920538508360200600490850314285060749508610162700385803000490
000002540097036000085704000002407053000065900050300700976803002320049005000270300
200605090000070500060009803090050032008000604057060000640030000900000008003002000
900080204002500936640070518009720001034008092200000300300207000400009023027000060
000400608000006005780009300060103020070908006300060700000890012900000000508000007
000259000000003905705004000510006790362507014479000002001002049043061070987300020
000400263732000091900000000800002314025934700043008900070000605001309040006725030
610000007350000190470100006067501009005060701134809600003604010000390260800210470
036000107000030000518907004053600018004050000870140035081095700005003900702800040
090175003200000800007802195000706950400589300050301080004290700801007030709010048
060000900070020000810090030000305081300000072007800000701008300026009708000760000
890010352452000090060520007000192700015600900000003000904300010503001600120900500
080600000240307000096840000950070406030000095020069870062008009003950020070106304
040000003006020450239058017010600090860093000092170000003010800900000072621007000
006030500402910630903005000700003905008000060309800470847290300005307040200500700
000800021700902030003000590600080005080405060001070308005100003047608150000520679
004090130000800456200000000003908000000460009800003000306700021700021500010650003
000070830048005610063041092080010049024768050000000000031080005570090483802000170
169230000003100050758090020071300080302000006805620704030000860207560390000080047
010060078000821004400500012000050460000206000706300080390000705000003120672005009
600703920200105040480692300700004060100030502598000034800016495960070010350009000
617030008200604170000000002560870024421050807070026000758000006036900240002503700
800927310000604000907315000210008000638090045005163002080000700100009030000836501
071000830000720649060500721480073100010005000002006098000309060397062000006107000
000708620180200905062000001040890003001602000308041290009400100623000809710086352
040000800000060050009871604004785090075009300200400700980240531710036000050090070
701250806805000403002038507140003780376500041250071039580002164610045970900010050
801006000065100708003580100480000301000020905079060040027609500608207410900013000
610435000500000063200000574002049010960008020000050700100580097495007006800904001
008439210270801090300057060560700000103500080807310605085000100900000472721603050
805320000000000007204608500009065300000240005000009000000970080980000030407003002
300500781009670040045803069070006504090000120050080000430000800086000003000300607
270800090604050780895417002510080003069001208382940000106028079053004820028076104
060140802314200000250370000006010728020680050000520061740039605195002080003701009
800127465051000007472586903517034098068700530000608201106490782780300140024801300
200086501000000840980004267700063004008400002401007000000301008103748000040005070
903800410010090825280047600031000986090008200070060003106789304009014000748356190
710030602943256870800000340582017963104005708067002504039521080051000236070003000
700320081065407320382091406047839050000000690001002840500908000419250768238064005
050920043309084061400003800001809000504617028080300406893005174705408630246031500
004062890003840000086300000475203160800650030069174500031000000507400308000007001
000050062007300058015706300003060007500800004000120080024010070070608000600009401
032040700075000084608070090006030905200000060003084100401003600007020508050160402
026000904800706102509142600000204391730809420490010060007953800080600037005000009
000300075100007402857420090080002063001003000006875219700500930430009601000000000
000680130000000029107024000001063000068410970403800210000570090005040302840200700
000007063007130004200806017703400698420600000608309040190500030502000080000060159
030050649100089035509004018008000000004010090300008006700062001002005360690000080
030705002719000000000096071040103005860940700090060020000004360984030057306059000
201003047007080092000701806000004980000500703006018000605239408820156370000007025
957803406020690300830204719049300072375000100008705963003109050400000631501430800
600080300000017406734060018090600507200873094800500000009200001428150000010040900
000900205000500061900010730490250803000789500708030029231040000009000002004092000
009600070060700938004098062032970016006000050000200304001400723740006080908037005
184096003020170048705384190002510067001920304950040280008001700500839000000702809
107605249802300000000710300683000902020806570045009806000003600570061083300000127
000005080700060009090034061021508403000109700070306015860407000030002058000000600
213908700850100003090034120532401690179200800400300050040000006001800470028640509
100400059040300001830010007060803705400002030000900000580030070000000210010007008
386150904009680503510300000008593000093708256100046090760000439840030621000461005
192705806040090102000102790000004280289600341514008600067501903820030560005276010
760000300000800670950620084800000040400210038095400016504900060237060800009735421
930026018607100000040005020000090030380070000500040007200300600069050200050267801
052136070600500310800972640290000537500023400380000000038000904900614700006300200
000800230320600000087010064672580000043069007050073008030950012490020370060734095
075900004340001792060300000820000073600040080507863241751082930409700000000539010
024907016007240390060008470180300200050000000030000168091860724048009030275003089
002094501461853209890002300006501023003078056754006198518239600200067835600080002
506084720203100856087652439020030910315029087070015302060203594930561008752948100
710409060030210000890000200407001320509803000100000800956008030000094001300075082
600000203015700690008000574080406002020070080050980130892000000061200005540007001
005100097809230500637000800000001000760024000090500040000900070003845900000700003
007354000020070006000900070701690058000000900059210364074569180002001040060000005
406900000025084903000157600010000000030401067700390010380509400000203700040018390
902000005010200000070980061263500000040000009508700000000830020009100803001405096
013200075705136090096080034000008063000000547037640210102450700370021056950800321
128030054634007000007400100000006018300900640010345000203004071000003009090812003
069070302270309061403268509000607058547802013386500097608700034950023786034980125
362914050081007090057006100040062080590708013018050076004200800820691340670483001
007010090090008713000709046050280370004000005700600080000107208200906400570800001
680132070100090080073408020495720861708054932362010507906275018007000006231906004
060095230539720610042638009027059086091000450854061927200540001405987360983010700
000402930000060800002000000703900150246500090001037400010050000420080500805709610
000500027600210034100083006000871200060000908030026410028005340500000680390000050
086090030030480001452013800070108050514009008809070413260800009705000000300700105
802970100790601800316050904163720400475863291928040067009416720081500600600002000
286104000105902008004050006610400700029576000047000009000009270800647900003210080
847001006900600107016078924004062098009537062003400015000095001005010000200000659
071000030090760100060005090080126743300070060740000521609001408050083010000900050
000400003310007806000065000501640000008000092203001045060509020400000300030200060
100060000008000730007508009000301024080094050000000090054106072010402003020007000
207468000840059206500730010100047000980613540700000021421900003609374182008000964
004600190000450006700001354057000803000360700008000040489006002001205000005080400
006504839005008207438297516609700000300006400012409070900065700700840002064002350
010008062093600785002700900600800354049000800250403097004580000900310008780249530
008032000100759060000000000000000340007064001040820090086300019000140007005006008
200000105480900200050203040000867009000092407007000000705026000004009700908750631
040860720769000083000930650080010007090080542005040801010304070900200010057190038
036004000001095000000760180453027690072000038600539000000300200004670015305001076
539802007147000289006007304053020008061704000792080040300418920000905800008200005
000050060027000009000089302300060080002930000046005901000090050098000000400502896
342098500100500000000001090070002180605000009814970050500239810001007000430615002
000900805000200471460050030700009028903040600002076903500093106100007000600000002
000074289800100300005380040700603004300000870504020190253800410100030950070251608
008007000009023000260100504590030028010400300020005490072000843031278056005360012
075010000190784300000905047942850670008002009000007280500109806809436002307528490
094308057600000030573004802830071000000000300100650784701000093300507041940036570
100300000900108006800625001064780910000563407708010020619200378002806009000900064
000238900700900408000670321059003200470002893036097045100080504905316702087420619
007503002000004500000820031050670003031400860806100420000007206000300000100086300
600035728270080639000700400007004080052003064410090370720540800000027006000010297
000400007000080056006000821053009000060043000890057630004970503000612740019004208
000070800086900200039458000452006000060500010390280605108320006000004300003700528
005406003004071000680032050260307045000020807500060029006000598000600271100758006
105070000879060000023801070000008400008109702500000008700910040650320800904005621
006100025380020600512367980030208000250749836000050000470802501025036008069071003
050032010087405039093000005000054060700006500040300000309078401014200900002000380
096000050400009321700000806005104000000803745020590063009708600080250000210906538
901502007500006008730048020802390700470050982095827000600019003010703004000000691
040003000003817000510400009004200050005080426020045780078090604069000075000004008
067500800149003007350100040590730000000960354002001976020400760604000008080090413
290816000004007208070302500708605900040000600000900300300008009080163020512400030
790050603030000709000007200900801530001700800420000007809070005070010400042008901
005304200301675004007291050500000010800002400009400705904823160708006392000700508
300600490080003200051207080890021004037960020046000109928100500013500002064002018
731860059604000008050304062003000000560000007090201306400528603000900001385706904
080050140900200387004007006000080000730104008060000002000008005540673920170029860
007501980000009040004308006749805010306200007810000500973100020100000700000900051
809567300016030587053002906080090602000076408500283700390028100021049870000051000
200803071001502000300007026040658039532000008006004700618070900059030100420000607
200006104654081003100492058890600000736248090425109006500014802300005700900300005
046352000280010064005000000058900201001200379900000000000561023030000016014000005
000920100010000603730001905680504230040732060070860000421370098590240000060095040
426001000508060040031480650284900000319070000670120000007090305000718060100305870
140000790960000003500820000094130020001000804705046000009000005000910070030002619
400000500050080039700254680500042300200609000036175802001000003029060104340010000
197253648240790500063184000736041090901360057005072006612805904050020160374009000
309150847810769532750084060030096718076035090298017300940503681080000405521640973
600027400030948160040106739190003020280000050356001974068710240001832596523004810
056400300004600802032085600000090005425130900000004007060040001791000006000560790
402081050080352009000000608075190234130720986029460500007819065500236097960540812
856000140409008276107040590200506080018430050065890020900260704043910060670300005
701256048280134507000090126050400701000060080600981000307009800000070014100008673
940350008030000940208194300000005000624930700809040060000000001480003097307806500
003090286002340917006270340080103760020000158167809420070904500001700004005600800
200010549084300060000045008001002000906078100040501200078100650165000074400050000
380060004506107030000080906137524069048710023050000417800600045073051002000008000
083700001476205083120039604742908036600003842308462507060094700037500469094020318
090002008408001029213009060060100200035204701020003906082417095009020000300905002
008020015050000379034051802507100000061000043300005087086302050000800700000549628
900050023000896015500342608302000000479001002086000340000000001000000264043000800
005703000000086950670000200084000000050029006020400001062004000501062804000100032
401000007520100986006000010002007003030006709960300520200803000070001695010005208
000802413006000900003050006000200000130085670740031090020070000057020041301000008
003047000080012009041308000026789400308020090500130780400000050030061070000200003
010400387000198025005000194000960532000207008009005076694012050201504009583070240
009100760200836401031000005807000312504002900060700008058200034043508109020093050
000692834900810567684050002000280706006479100000500009890760020065028370002000008
090028001200306000000051007600804000507269408000010000024000070005140060860507000
410875639037060420906003157073021094004396271120704560200907380760430910391658742
070000602300260090006789000538900164700000035640105000200500340005800900903027506
000048012000100630020600748780034296952001070036970080005000300308096100000010027
470152000256800000080009540605720019002401850000000000021306074308590006960204300
840100320007892400200406578050020100000540090712003850423007015109250600680019247
080640001009002038160907045810200094026000580030805000090401756000768400604009813
020010940600049007010000003000350009050090204279460001590030402001020030000805190
409200060206009843817436905748090052920040618063825000572003480301504209004002531
700210800000009000190004720405080100010642958900570003500096400009100000680027000
200400096800006002003005000920800001037900260100073900509030400040000020000000500
304900165200400080506813004943108600750004001060732049635000908008509016107386050
900300600005019000680005090050086401140500000026740509000060254560100703030057906
105000402724900180030100970278060010000018007300527009007050008062000003083070691
600007580958600210732581006009810370000030809003900045397050604200360050516004008
090700020000948003000000015009836000000001059020509000150607090060294500008100200
086050730520047610040610520800092460093064005462005000901406300008023100030000090
076032000040010207300745800407600092065079000098000750003007605600000073704003008
000710054073500062900680300800107000010006200034020510002060090460031700001000008
000904072209080010000512984500720000090608040080090051000109027901270038320000009
000074035602003000034856000006007904005060000070040816943001008060035700010098042
500003029340060750009050003900041086420900000107006090600002105708610040205300000
000809006000006008078402590000024007406085920001960845152600030060300002300090654
041300060008400050900800047027150000000002081000687300002590004000000010530010078
590000300068394000030510796940750801216830570807040923029080037600123409384906002
085230070140809000070010008709005003000160000502300010001748059650903000890600702
600000040000362905305478062013507620700104098082009000860043000001006000040290836
000103609010000000250000310001200083004500201002641000006000030320400970905307020
560020308000081000108000290486170930315009080020036400750090020090007843040000000
249561070073290100816730205000170006100050300090083701030900082050026419004805630
002105030070206058003000007040000670601027509720650300090513004007908000304000800
204010003000304629963500740092450170840931005500728390430060000009145030681203400
023001950000000020890050004900170230040036000002005040258607490704903800019008070
879004160000001809601209570900130700150002438003405600000826314000013000008940250
012697000000130000603500000000000035006080900097053681860300510070016248001040306
076004920195600000004950008009061002000040570000230080950006010001000006620008057
500607290420089501309001684034596800982400756651020400897062305243900008000030907
908070060700358902030900007080000530600100000009000000860430050100080674495607003
642010039300070100719042600090030000004000910036289040005090070061004098000108000
005010400601030897090084000078326509053097640900045070809251004034900200502073000
010574280028019746400800090090750408701008009004001072000900004349007800085000020
012803740394120000750490200541078320206310497073042015030060954020084603405739100
000562081000000050602318074001009820390080500008007409920703008000820095080000003
082000071710040080049718000000950003063004095007860014000637020078105346230480050
097800513032000006608075020700430005340526078256007100000618050005790000870000001
082006013000400090090000640825079000000200951014305007709081004003002800008730000
000050000900100000852000001001730650760805342300042107070026083600501200008300000
025000000703065000000900000200009106000748205009610730051420008800090400004580300
701580000352100064008000051106492500079308420000657030600905080427036910895721000
604031009071009200859260004000054600406903005010682000207006850068010702045008006
104052967690804052200600814976143080000260030325900041530080006069531028801726000
000100070090060003102050006509014300004530100000209000058703061023001940000900730
040902150000145060500376092000000601170000045604521730027003519013054006005200374
140003000000000384008460070700030006200690100000080903067049500030000409004350000
700030105030000002050100340523800074091000000867025031080340009370019000910060053
945700032000230000000000108000100050057800903602354000060520010070000564000007800
000050042000346090095000010019003000000482900000000007800000306657200109000801504
000000500630042001250600004000251807710006003000000605000920700300000109008137206
084002000069081000250600000700096008900510600000007450472960030590008062816003000
003276040650004371784053690030027000000681030061309200920030000007460500048910000
000090007008205001604000932000021093000004006700053008480009005100080000006140200
020190003031482000609070200380500742007060300050004080208941537000800169010007020
260094081078012039039708400023485000000007942600020850580170004006243010010050206
009532180300074000052801300807690403096200000240007590070000002100009630938000051
000073006090165800365000790002009403639720005540300009750208014900040028200091300
109782003087354600040091000490200060832069000071548320304006807900073016720015934
060200000310060578740000602807002105236800900154003020005170400000000709473056000
900008016000930200021400390690103402053800609000000100060509700200047050070300900
081506000500294000000810050328740010007001048000089732000000609036907020102460375
054068000800920050000450000005010900700300000480000006060002014008030007003107600
710600000000012090008007631000700204900103000604080000007091002500028900400500000
020507000045269001790841600000300816000194003012786005107000000200075068408610007
000000003000200001000430020204008136510300008003016042905000200001900305030045070
570310892148926357920058160809002036000160000060089501000800003201690008004037005
005001000807000914040080630204007083058123460360050700000016290000000146090074300
309560870000200000504809126062700001740610002805092607658947000430005008001006700
007000800930400020068372051004100005800705009752600000005060000200034006080000300
709841000010020075206357000072003004900100706600072008028060030507039180403008600
509608701007050000140200008005026300082400950300007002000890170000060094050701000
000053007098012600153608042020034790009500260807269503004001806600025400970006021
798025416036000082412706009020400050800613000007250803040500900070890125900000370
080060014600804705400527000030708900000150000005000030000400809054286000708901002
792030600416259730000167009001300000920040801548790300060003400050420963030900100
203040009080790310090310800109200008328074090056009237007000900032000060840006700
004650872605870309070243005000090206516002704940700003053900000061407008008100007
380605402000030650000001003940000000000048009070010000020079005000860390000400006
617000200200600937000020601036205000005000002020901500090407020700100304060002080
060798501050200090000000062710500240846907300000460978503072684004630029600840100
000700062370860490261904000006270145007018006000643900694185230750420810108397604
309805000006302004000600030890050260600200800023006795014560008530020006060438000
502006910004000500670000000168200000005060070023051804256000081300570000080610003
085037004719402806000001700408000201062000578001080003190078400040000100820904000
130009002057426100008000000204015803500000000080000700091000280865000341040103650
000539426504028010329010857650907230070065100400381000940173502007650090130802064
007000900000090000190530874000001037009000010000408050901607080360029000400380090
306700000500602400780045003609024500200500016000063900000076300470319652003058001
002003089051080004084070002670501490200000060003060008020006000800000000040308005
080070000000006050070805431000410000007008610100620005023000007010582000465000180
000003600000098305000000001201007509060045000309001000015320078800706913007084050
301258090000047160400000002604593278900170500200600000000700009005860300106439005
004000008000250700708694031500006803006025009821903000000700010140300007370500602
008000000002053100410068075001070269067100000000006741104387000000000017059010308
170309020904270103600014987065003001097145030010896705281007409046952008009081072
120500386005100270740000950250060730007800600038750090076480103002076000004200067
000003008000500010005160374096000400204000830713800060070039000001200690300050702
700002934805640702000071806406039500000026090029407300604000005080700640017060289
900100000000300000080070596619000480048009067070000050000020030260940001000860004
250810463800450207903200810320906581700308906009520004498135602072604359536700148
200108903908200600005000020500000070800920060069000080604032790350010040700800235
021000400607004010080000070005480103800100500000259648500942700070605080096708205
600003900005460200030800060000050600008014025000370408903680054046130870001745306
300650904109030025506040830204971580803264090070300462002090308000003276600807049
030675092000804510040921087400790035870500200503000000300200900080159003910346700
901480000340720098800003004060000920208070040709204300684900750000008000000107060
010002985420509037695300014004230509067980042059006800540090000802701490070024001
009038050450019870080005204062340009800021000000006401500000600618750042004800000
